cam  0 0 0  -0.5 -0.5 -1  0.5 -0.5 -1  -0.5 0.5 -1  0.5 0.5 -1
ltd  0 0 -1  1 1 1

mat  0.3 0.3 0.3  0.7 0.7 0.7  0 0 0  0  0 0 0


xft  0 0 -6
sph  0 0 0  0.5

xft  -1 2 0
sph  0 0 0  0.5

xft  2 0 0
xfs  2 0.5 1
sph  0 0 0  0.5


xfz

xft 0 0 -6

xft  0 -2 0
tri  -1 0 0  1 0 0  0 0.5 0

xft  -2 0 0
xfs  0.5 2 1
tri  -1 0 0  1 0 0  0 0.5 0

xfz
xft  0 0 -6
xft  2 -2 0
xfr  -60 0 45
tri  -1 0 0  1 0 0  0 0.5 0


xfz
xft  1.8 -2 -6.05
mat  0 0 0  1 0 0  0 0 0  0  0 0 0
tri  -0.1 -1 0  0.1 -1 0  0 2 0
