cam  0 0 0  -0.5 -0.5 -1  0.5 -0.5 -1  -0.5 0.5 -1  0.5 0.5 -1
ltp  0 0 0  1 1 1  0


mat  0 0 0  1 1 1  0 0 0  0 0 0
sph  -1 1 -3  0.5
sph  -1 1 -5  0.5
sph  -1 1 -7  0.5
sph  -1 1 -10  0.5
sph  -1 1 -13  0.5
sph  -1 1 -17  0.5
sph  -1 1 -21  0.5
sph  -1 1 -26  0.5
sph  -1 1 -31  0.5
sph  -1 1 -36  0.5


mat  1 1 1  0 0 0  0 0 0  0 0 0
sph  -1 -1 -3  0.5
sph  -1 -1 -5  0.5
sph  -1 -1 -7  0.5
sph  -1 -1 -10  0.5
sph  -1 -1 -13  0.5
sph  -1 -1 -17  0.5
sph  -1 -1 -21  0.5
sph  -1 -1 -26  0.5
sph  -1 -1 -31  0.5
sph  -1 -1 -36  0.5


mat  0 0 0  0 0 0  1 1 1  0 0 0
sph  1 1 -3  0.5
sph  1 1 -5  0.5
sph  1 1 -7  0.5
sph  1 1 -10  0.5
sph  1 1 -13  0.5
sph  1 1 -17  0.5
sph  1 1 -21  0.5
sph  1 1 -26  0.5
sph  1 1 -31  0.5
sph  1 1 -36  0.5


mat  0.1 0.1 0.1  0.6 0.6 0.6  0.2 0.2 0.2  0 0 0
sph  1 -1 -3  0.5
sph  1 -1 -5  0.5
sph  1 -1 -7  0.5
sph  1 -1 -10  0.5
sph  1 -1 -13  0.5
sph  1 -1 -17  0.5
sph  1 -1 -21  0.5
sph  1 -1 -26  0.5
sph  1 -1 -31  0.5
sph  1 -1 -36  0.5
