cam  0 0 0  -0.5 -0.5 -1  0.5 -0.5 -1  -0.5 0.5 -1  0.5 0.5 -1
ltd  0 0 -1  1 1 1


mat  0 1 0  0 0 0  0 0 0  0  0 0 0
xfz
xft  -0.7 0.4 -2
xfs  0.2 0.2 0.2
obj  "object-01.obj"


mat  0.1 0.1 0.2  0.7 0.7 0.8  0 0 0  0  0.6 0.6 0.7
xfz
xft  0 0 -3
xfr  -25 20 0
obj  "object-02.obj"

mat  0.2 0.2 0.1  0.8 0.75 0.7  0 0 0  0  0.7 0.65 0.6
xfz
xft  0.5 0.5 -1.6
xfr  -15 15 90
xfs  0.5 0.1 0.5
obj  "object-02.obj"

mat  0.2 0.1 0.1  0.8 0.6 0.7  0 0 0  0  0.7 0.3 0.6
xfz
xft  0.2 0.6 -2
xfr  0 0 45
xfs  0.1 0.1 0.1
obj  "object-02.obj"
